-59520.791003
-59520.791003
-50460.775726
-55015.522833
-54997.089352
-38431.102012
-143385.910460
-31498.874683
-34893.263064
-223318.966713
-71269.012249
-59100.348314
-139513.379901
-125449.242399
-65174.391082
-84877.002294
-59555.217864
-116052.128072
-41994.603343
-126276.283011
-94621.657562
-43871.200247
-368351.217675
-62423.663590
-105966.758877
-49489.775833
-22440.741996
-134334.039831
-136350.534303
-219015.186794
-179073.205286
-70545.861198
-54949.964059
-69570.554672
-nan
-383829.592498
-62609.643323
-317109.843649
-317053.840427
-82414.782127
-103407.818558
-105858.154768
-83185.458448
-97476.203122
-238684.847175
-50315.165489
-107207.660924
-148010.212225
-229905.708004
-156725.319741
-116223.758267
-83535.535476
-906640.640180
-62728.784209
-128411.473897
-41140.635232
-218718.250374
-nan
-94117.185213
-71094.046826
-51922.963516
-56491.708310
-36442.289468
-67166.458161
-347425.243894
-122764.332623
-79644.960731
-nan
-97058.652590
-47051.514654
-112535.982793
-118389.516752
-258072.275505
-94711.477120
-181215.841768
-117401.789822
-67601.579906
-74732.130747
-256334.656327
-48988.514179
-264251.779577
-29249.900048
-144910.765134
-130001.034586
-83386.753992
-256913.060262
-144236.294176
-21541.475201
-31682.778602
-63534.043307
-70812.304445
-442828.903715
-442845.535230
-84248.703784
-84262.666795
-80358.790894
-232881.671836
-214765.181966
-71354.097696
-72221.662404
-61478.626552
-65753.132451
-59684.462884
-191285.739567
-119692.602199
-161727.602695
-102725.314001
-105084.448563
-14624.880008
-92985.877504
-135937.397253
-93304.077168
-155895.034574
-27652.450902
-180447.985066
-87379.607986
-64920.728811
-64365.531107
-232786.484903
-149969.699229
-69294.076347
-71622.522317
-90583.045404
-99839.131027
-34850.442167
-167823.766421
-32860.789230
-59052.570670
-90769.470381
-112275.291050
-108627.538527
-92461.605409
-346854.809103
-75700.197353
-164810.641380
-87714.773926
-26323.056948
-79102.092295
-55012.738513
-125259.423820
-42785.910082
-82977.142257
-382830.209699
-233993.447180
-29326.612570
-108847.947630
-51872.874522
-19176.200740
-nan
-nan
-156254.938767
-48110.681906
-43639.463903
-172784.063835
-26323.564637
-69673.891865
-73754.275098
-92535.571223
-95750.544763
-95710.262348
-52991.021602
-135975.073829
-82477.630036
-125863.153523
-43149.251050
-63074.401645
-57330.365009
-74880.694047
-144120.601959
-31225.543307
-172380.550050
-31405.351297
-60771.981573
-65145.855396
-71668.412551
-35885.794618
-26331.177840
-80036.863513
-94667.157430
-95204.432770
-59652.852231
-120516.486429
-56768.673140
-34785.614521
-70842.491221
-76478.017713
-62217.671737
-243836.422926
-41096.669692
-111135.386362
-176513.279650
-109356.285377
-201149.445407
-84097.679818
-52336.644319
-94809.074374
-79960.399598
-119905.521764
-42966.759320
-40423.661233
-116592.512629
-185869.664274
-88214.484126
-70103.304726
-144056.087740
-108651.705267
-50609.033416
-123303.354825
-77006.128304
-34395.197775
-166535.206914
-130649.521308
-62441.105602
-64878.726123
-130918.802440
-71272.019856
-174617.312253
-25746.575063
-99308.396894
-94085.022163
-278377.726455
-122819.228862
-97457.762938
-98336.941918
-87307.309962
-65681.113205
-70966.279839
-40142.844841
-23547.898609
-161084.109453
-70852.913812
-33368.164537
-140465.123524
-113400.483874
-210383.496326
-68439.855889
-33355.618452
-77899.295270
-39016.479219
-179989.124362
-104234.040979
-47665.990719
-61341.575631
-67511.162258
-128434.580163
-135661.217140
-78009.180991
-49760.608123
-32153.493506
-48227.428686
-63212.894181
-31849.687128
-110538.673591
-71890.286864
-17451.321844
-120910.738473
-82461.535742
-21546.375655
-120440.206461
-219471.558821
-41684.385806
-36286.742252
-83012.994630
-38485.426159
-79226.622045
-75627.206241
-59829.730841
-54829.121402
-75433.374258
-55333.568464
-70552.123079
-80739.525693
-39503.633872
-80972.411696
-83851.843431
-20215.622858
-34143.527450
-53450.750355
-73899.017721
-70363.442597
-79639.144466
-90797.291082
-98832.862667
-58005.719414
-80840.355896
-105469.532526
-90630.654490
-28576.355777
-52972.046906
-nan
-75474.065956
-34562.043084
-61115.897195
-62745.872870
-47178.509975
-40824.447542
-79646.956726
-102562.842961
-116173.307519
-197500.758319
-27838.870537
-30218.506819
-83772.633829
-83769.903084
-121325.534015
-46456.608491
-74893.573406
-88719.999061
-84818.156024
-197512.531148
-108083.767713
-111699.256121
-46913.869431
-39459.969839
-133564.058881
-219377.586510
-77192.765544
-83608.746095
-79179.175608
-80990.434742
-45959.055478
-101072.398132
-37165.215977
-63220.702055
-135560.844227
-66426.554076
-143936.300268
-88586.546722
-109014.669969
-86963.632963
-30836.353358
-39129.915377
-65474.353684
-88476.778687
-389289.081549
-70504.333055
-54865.931574
-60415.519252
-99630.618441
-115237.123760
-79911.066685
-17979.671896
-99640.740149
-74921.247357
-75548.164618
-102074.221653
-59444.668130
-48381.718163
-84499.548612
-53201.470662
-56531.456745
-55094.475020
-379036.624129
-69384.146974
-90803.447962
-52341.680774
-231337.352115
-58637.674955
-109190.845479
-81353.473088
-113731.914916
-70317.610914
-132007.468887
-168377.193135
-42377.765208
-154054.592691
-95792.400831
-111300.156713
-202568.233543
-467333.090556
-47910.625325
-29270.562204
-46080.634582
-98266.679461
-188769.205441
-61051.358341
-116203.687555
-nan
-75708.134551
-59340.890236
-124747.636207
-64586.773911
-91507.955246
-247199.075572
-80961.542296
-118579.391870
-85683.299975
-86790.331178
-81419.943771
-66601.839400
-105328.981260
-102819.930636
-65214.269384
-80050.468466
-185830.210043
-185863.101296
-57300.583509
-77279.785229
-117256.637738
-95186.736017
-23928.274989
-113604.398747
-89363.159243
-107570.740255
-94554.135826
-96685.334741
-105690.553806
-41949.002919
-66212.047803
-59702.141621
-56166.507184
-80571.692882
-165518.749565
-190574.887123
-112226.071449
-32042.262243
-108075.528146
-166105.881810
-37470.695596
-122701.350595
-nan
-84070.714622
-34913.733361
-51427.554208
-51129.290600
