-59520.790441
-59520.790441
-50460.775667
-55015.521957
-54997.088508
-38431.101906
-143385.908383
-31498.874670
-34893.262839
-223318.963245
-71269.012524
-59100.348671
-139513.381516
-125449.243378
-65174.390306
-84877.000994
-59555.217636
-116052.127863
-41994.603629
-126276.283131
-94621.657607
-43871.199977
-368351.212773
-62423.663189
-105966.757986
-49489.774971
-22440.742016
-134334.039935
-136350.533246
-219015.188741
-179073.203145
-70545.861064
-54949.963866
-69570.554051
-nan
-383829.590493
-62609.642633
-317109.842545
-317053.839334
-82414.782675
-103407.818821
-105858.154877
-83185.457510
-97476.201992
-238684.843873
-50315.165527
-107207.661167
-148010.211565
-229905.704688
-156725.320260
-116223.757421
-83535.533660
-906640.640743
-62728.783853
-128411.474818
-41140.634778
-218718.252385
-nan
-94117.184680
-71094.046513
-51922.963536
-56491.707555
-36442.289622
-67166.458079
-347425.244370
-122764.332428
-79644.960390
-nan
-97058.652438
-47051.514575
-112535.982180
-118389.517678
-258072.273052
-94711.476426
-181215.841001
-117401.790929
-67601.579407
-74732.130164
-256334.650956
-48988.513900
-264251.778746
-29249.899966
-144910.763540
-130001.035301
-83386.753603
-256913.061132
-144236.293092
-21541.475026
-31682.778118
-63534.037436
-70812.303079
-442828.904963
-442845.536396
-84248.702209
-84262.665703
-80358.790639
-232881.669500
-214765.182144
-71354.097055
-72221.661824
-61478.626485
-65753.131292
-59684.462913
-191285.738151
-119692.601974
-161727.600187
-102725.312768
-105084.448436
-14624.879893
-92985.876762
-135937.396949
-93304.076795
-155895.033275
-27652.450554
-180447.984217
-87379.607886
-64920.728532
-64365.531046
-232786.484727
-149969.697783
-69294.075707
-71622.521436
-90583.045104
-99839.129846
-34850.441829
-167823.765886
-32860.788639
-59052.570942
-90769.470067
-112275.292129
-108627.538194
-92461.606881
-346854.807459
-75700.196747
-164810.638803
-87714.773485
-26323.056924
-79102.092783
-55012.738134
-125259.423001
-42785.909574
-82977.142222
-382830.208768
-233993.443744
-29326.612741
-108847.947068
-51872.874465
-19176.200468
-nan
-nan
-156254.938417
-48110.682164
-43639.464193
-172784.063989
-26323.564754
-69673.891419
-73754.274447
-92535.570548
-95750.545052
-95710.262422
-52991.021375
-135975.072974
-82477.629724
-125863.151883
-43149.250948
-63074.401295
-57330.365073
-74880.693943
-144120.598828
-31225.542842
-172380.548739
-31405.350922
-60771.981250
-65145.854222
-71668.412594
-35885.794426
-26331.177711
-80036.862550
-94667.156629
-95204.431572
-59652.852303
-120516.487383
-56768.673126
-34785.614435
-70842.490572
-76478.018168
-62217.671295
-243836.423700
-41096.669200
-111135.385590
-176513.279480
-109356.283638
-201149.442451
-84097.678924
-52336.643548
-94809.075482
-79960.399853
-119905.520013
-42966.758790
-40423.660939
-116592.511276
-185869.665824
-88214.483511
-70103.304889
-144056.085336
-108651.705948
-50609.032897
-123303.354227
-77006.128721
-34395.197335
-166535.206783
-130649.521488
-62441.106342
-64878.725966
-130918.801951
-71272.019373
-174617.311785
-25746.575015
-99308.396819
-94085.021169
-278377.725298
-122819.227302
-97457.761864
-98336.941848
-87307.308593
-65681.112922
-70966.278639
-40142.844523
-23547.898600
-161084.106384
-70852.912080
-33368.163906
-140465.121522
-113400.484307
-210383.497500
-68439.855047
-33355.618114
-77899.295109
-39016.479368
-179989.124076
-104234.042050
-47665.990361
-61341.575171
-67511.162681
-128434.579667
-135661.216517
-78009.180279
-49760.608620
-32153.493295
-48227.428472
-63212.893807
-31849.687108
-110538.672516
-71890.286719
-17451.321850
-120910.740265
-82461.535534
-21546.375672
-120440.206596
-219471.558243
-41684.385619
-36286.742145
-83012.994151
-38485.425938
-79226.622464
-75627.205199
-59829.730969
-54829.121548
-75433.374148
-55333.568826
-70552.124180
-80739.526169
-39503.633327
-80972.410833
-83851.843933
-20215.622620
-34143.527673
-53450.750132
-73899.016610
-70363.442031
-79639.143480
-90797.290786
-98832.861393
-58005.719721
-80840.355681
-105469.533161
-90630.655536
-28576.355861
-52972.045624
-nan
-75474.065060
-34562.043204
-61115.896491
-62745.873258
-47178.509086
-40824.447523
-79646.956217
-102562.841447
-116173.307152
-197500.757821
-27838.870207
-30218.506643
-83772.633510
-83769.902678
-121325.533625
-46456.608558
-74893.573182
-88719.998388
-84818.155423
-197512.529759
-108083.767145
-111699.256194
-46913.869255
-39459.969591
-133564.058998
-219377.585617
-77192.764550
-83608.745443
-79179.174678
-80990.434518
-45959.055699
-101072.397762
-37165.215811
-63220.701204
-135560.844494
-66426.554274
-143936.298869
-88586.546603
-109014.670264
-86963.632074
-30836.353155
-39129.915495
-65474.352795
-88476.777598
-389289.077721
-70504.332475
-54865.931721
-60415.518426
-99630.619789
-115237.124287
-79911.064932
-17979.671716
-99640.740718
-74921.245968
-75548.163513
-102074.221018
-59444.668038
-48381.717785
-84499.547893
-53201.470554
-56531.456164
-55094.474076
-379036.626617
-69384.146659
-90803.447736
-52341.680216
-231337.350119
-58637.674182
-109190.844027
-81353.473510
-113731.915393
-70317.609558
-132007.469241
-168377.196066
-42377.764847
-154054.590878
-95792.399848
-111300.156165
-202568.233240
-467333.086543
-47910.625642
-29270.561785
-46080.634189
-98266.678886
-188769.202115
-61051.358235
-116203.688379
-nan
-75708.134343
-59340.889748
-124747.636549
-64586.772542
-91507.954154
-247199.072953
-80961.542328
-118579.391853
-85683.299273
-86790.330736
-81419.942852
-66601.838295
-105328.978706
-102819.930491
-65214.268986
-80050.467763
-185830.209606
-185863.101143
-57300.583460
-77279.786122
-117256.636926
-95186.734699
-23928.275031
-113604.398288
-89363.158363
-107570.738913
-94554.136108
-96685.333735
-105690.553209
-41949.003011
-66212.047378
-59702.141880
-56166.506480
-80571.693625
-165518.749439
-190574.884361
-112226.070953
-32042.262471
-108075.527054
-166105.878588
-37470.695390
-122701.349301
-nan
-84070.714097
-34913.733623
-51427.553129
-51129.290707
