-78071.435482
-69314.529956
-77581.290438
-81130.207079
-89833.407670
-73531.363794
-79427.662272
-60427.736157
-77464.887933
-63146.738129
-92938.711384
-28605.793026
-61000.626241
-86887.271886
-76625.395293
-103399.441896
-77806.413748
-94394.065427
-118192.989381
-71515.452530
-nan
-73487.381777
-43760.384080
-69227.785125
-64415.181869
-78999.786373
-60172.136993
-63842.570346
-82956.909733
-92557.495015
-79858.113396
-64368.225894
-64835.607468
-67363.391724
-111245.496903
-71355.043815
-60228.915865
-79902.210789
-55971.740935
-91332.244382
-106877.088161
-67348.644853
-36707.634748
-217413.895745
-nan
-68612.619953
-71491.313489
-51159.761200
-60988.422442
-82137.458302
-122763.021195
-60376.754980
-141241.426705
-57018.670316
-61645.476570
-82667.682231
-50559.269188
-55142.134866
-73365.652977
-61143.851021
-74264.852218
-74685.101600
-90004.062547
-87383.972605
-68126.266406
-92381.697552
-72735.535360
-77388.472089
-60754.469947
-90578.143326
-77506.331020
-64322.139667
-12815.309217
-94087.499437
-72423.856084
-63699.319461
-68116.751611
-76820.649964
-61801.066175
-58644.552577
-54834.028427
-81790.092350
-64198.308542
-78218.026758
-62388.140322
-nan
-55903.763449
-43972.585012
-70242.615794
-97099.301217
-nan
-96025.935361
-90302.944611
-42464.937657
-57671.733031
-49018.407330
-65447.203069
-84738.184444
-nan
-70991.766691
-44942.963769
-79703.537133
-69298.128505
-66925.005925
-78044.151217
-69295.870777
-69953.688859
-66606.574396
-51663.709113
-67651.849635
-64547.058889
-47311.900364
-49340.143854
-188091.913410
-78839.868789
-66255.138959
-nan
-46752.038416
-68680.902036
-60002.772918
-70897.738681
-69508.007105
-57587.937345
-85312.924777
-69804.243948
-63554.609039
-57300.998769
-46995.771569
-73794.221223
-87338.724594
-77799.687581
-69665.873710
-28658.115295
-50274.441682
-84414.412339
-50045.642671
-50171.587218
-83356.285628
-82947.839488
-67686.412150
-76382.984973
-46213.893635
-22700.993385
-85103.743907
-58186.241081
-60840.815453
-47808.318448
-53922.094112
-70725.670203
-70099.927118
-75530.096306
-54027.843980
-nan
-70132.850537
-60571.252057
-81166.902283
-56668.960772
-78393.736723
-61016.777688
-65352.881068
-68020.337453
-92357.767635
-75355.894526
-39959.214306
-32708.249768
-71652.130141
-62306.391587
-52503.755867
-70495.964569
-53444.862615
-70773.956687
-68339.066357
-75351.747257
-67270.153417
-68473.634465
-59511.704953
-63403.224067
-81434.189907
-92815.872933
-72517.268566
-61040.757916
-53773.112741
-68505.352413
-60686.567115
-77301.423504
-80519.258466
-68655.710729
-80359.039383
-51340.486232
-79384.760459
-84326.135478
-97103.819272
-88022.206098
-61306.586267
-75603.899062
-82585.084958
-63384.288548
-62601.253911
-104808.894240
-87215.687039
-51105.758516
-32010.824621
-51465.941361
-145637.707886
-44593.930119
-8543.063133
-76202.475242
-60592.585436
-nan
-79336.185229
-61447.861936
-124714.652106
-72733.526565
-58158.492392
-74070.308864
-72270.528608
-156054.318440
-65838.629817
-83052.817099
-86709.711013
-77402.231676
-45180.013108
-nan
-55612.538211
-50582.276871
-44471.318631
-72970.361663
-82401.352739
-56245.346882
-53487.536869
-99849.961269
-56081.800292
-97480.717195
-100500.447085
-76487.706142
-70556.863689
-60085.835968
-63734.927836
-71403.646429
-nan
-71200.594940
-60612.710626
-83024.204913
-57314.461616
-83366.307712
-85817.707613
-84779.891320
-82339.913383
-74586.658671
-57648.694978
-71819.041420
-63713.305298
-50870.897150
-75842.965409
-34848.354758
-65454.697782
-40026.742363
-57820.614102
-65450.351087
