-78071.433681
-69314.528539
-77581.288470
-81130.204963
-89833.404510
-73531.362920
-79427.660221
-60427.734894
-77464.886552
-63146.736636
-92938.708858
-28605.792782
-61000.624499
-86887.269521
-76625.393082
-103399.439855
-77806.411138
-94394.063804
-118192.985957
-71515.450455
-nan
-73487.380113
-43760.382379
-69227.783183
-64415.178510
-78999.783708
-60172.134829
-63842.569723
-82956.907984
-92557.492861
-79858.110871
-64368.223107
-64835.606322
-67363.389544
-111245.494482
-71355.041903
-60228.913654
-79902.207964
-55971.739267
-91332.242458
-106877.085557
-67348.643567
-36707.632508
-217413.894547
-nan
-68612.617351
-71491.311917
-51159.758025
-60988.419868
-82137.457001
-122763.020439
-60376.752734
-141241.425986
-57018.666821
-61645.473741
-82667.678996
-50559.268213
-55142.132200
-73365.649712
-61143.850083
-74264.849521
-74685.099551
-90004.061551
-87383.968571
-68126.265116
-92381.695501
-72735.533833
-77388.470485
-60754.467864
-90578.140132
-77506.329612
-64322.138473
-12815.309327
-94087.496267
-72423.854540
-63699.317704
-68116.750222
-76820.647167
-61801.065348
-58644.549068
-54834.025311
-81790.089103
-64198.305894
-78218.024068
-62388.140333
-nan
-55903.761442
-43972.583885
-70242.614088
-97099.298957
-nan
-96025.934754
-90302.944023
-42464.935509
-57671.732205
-49018.406340
-65447.202340
-84738.182704
-nan
-70991.765904
-44942.963189
-79703.535731
-69298.126616
-66925.002670
-78044.150274
-69295.868626
-69953.687744
-66606.573252
-51663.708233
-67651.847240
-64547.058057
-47311.899538
-49340.141679
-188091.913226
-78839.867818
-66255.136896
-nan
-46752.036427
-68680.898527
-60002.770628
-70897.736763
-69508.005550
-57587.936564
-85312.922010
-69804.242737
-63554.606489
-57300.996736
-46995.769790
-73794.219768
-87338.723442
-77799.684018
-69665.869953
-28658.116719
-50274.439711
-84414.410714
-50045.640043
-50171.586611
-83356.283155
-82947.838350
-67686.409832
-76382.982664
-46213.892220
-22700.992846
-85103.741812
-58186.238861
-60840.813804
-47808.317569
-53922.092201
-70725.669783
-70099.924248
-75530.094184
-54027.842225
-nan
-70132.847953
-60571.251554
-81166.900259
-56668.959015
-78393.734296
-61016.774688
-65352.878790
-68020.335230
-92357.765394
-75355.891961
-39959.212924
-32708.248928
-71652.127469
-62306.391481
-52503.752925
-70495.963593
-53444.859453
-70773.955784
-68339.063570
-75351.745544
-67270.151708
-68473.633044
-59511.702926
-63403.222617
-81434.190949
-92815.870656
-72517.266074
-61040.755515
-53773.110424
-68505.350557
-60686.564941
-77301.421536
-80519.254972
-68655.708039
-80359.038206
-51340.483939
-79384.758556
-84326.132845
-97103.818938
-88022.204009
-61306.584537
-75603.896809
-82585.082232
-63384.287657
-62601.250668
-104808.891451
-87215.685450
-51105.756719
-32010.823779
-51465.940793
-145637.706143
-44593.929428
-8543.062922
-76202.473298
-60592.584710
-nan
-79336.184078
-61447.859471
-124714.649786
-72733.524249
-58158.492159
-74070.308917
-72270.527562
-156054.315984
-65838.628218
-83052.814265
-86709.708528
-77402.228519
-45180.012093
-nan
-55612.536385
-50582.276192
-44471.315934
-72970.360004
-82401.349691
-56245.345021
-53487.533877
-99849.959491
-56081.797863
-97480.714938
-100500.445168
-76487.703478
-70556.862466
-60085.834532
-63734.925659
-71403.643352
-nan
-71200.593247
-60612.709751
-83024.203250
-57314.460575
-83366.306972
-85817.703789
-84779.887979
-82339.911344
-74586.656784
-57648.693173
-71819.038775
-63713.306338
-50870.895316
-75842.964235
-34848.353488
-65454.696488
-40026.740216
-57820.612263
-65450.349050
