-1358060.203243
-186586.971427
-181304.733874
-450029.469250
-1183663.406616
-1371575.001704
-391025.192472
-551060.050733
-476464.765450
-723261.652394
-1024770.695709
-329739.889784
-1357172.294474
-587335.168775
-1342388.929842
-475186.783139
-420893.602832
-601009.523120
-136545.292917
-108193.993446
-293999.775152
-314342.148015
-408487.540165
-497485.928896
-787111.852486
-388619.587959
-835716.707247
-366631.338458
-436855.718602
-207599.924531
-164597.013925
-327296.850566
-527379.306680
-583386.809495
-314576.068299
-262354.997303
-1291769.567104
-756416.952939
-643342.294403
-388309.937594
-710686.122936
-1036826.899508
-375375.693357
-544200.814886
-159848.100829
-267446.776429
-269639.037554
-259303.619355
-1023129.896793
-146778.235223
-392007.102943
-397996.850803
-358603.440364
-251133.869717
-216458.961054
-419460.167433
-123710.858172
-357026.101910
-416493.232758
-703809.306157
-610570.236202
-1351029.639422
-386173.540573
-2739137.097324
-105055.923444
-1334781.428163
-421373.113763
-754540.927395
-1044323.673832
-124798.340197
-389631.267706
-294427.112585
-852450.684570
-1317039.823709
-779538.222611
-208784.059509
-391645.298038
-882808.928968
-308563.216102
-349747.995993
-184414.198382
-460067.553623
-797520.596799
-533454.339279
-401076.107339
-1681398.873873
-306319.576362
-103010.259053
-895840.716551
-467436.449374
-393964.478082
-650616.199895
-658611.627099
-373643.307036
-428641.850101
-791172.847531
-151753.257609
-170443.773693
-507724.619986
-801789.189117
-1106405.814917
-342787.139555
-736608.813572
-322468.451498
-974212.334892
-1219278.056603
-152188.413055
-1082671.446383
-765355.657097
-469714.218555
-450899.747842
-1052869.691887
-856320.647267
-486740.023321
-888065.648516
-702503.285061
-294402.624203
-236527.161812
-686530.070418
-1136216.697855
-2289778.268503
-155613.323908
-374275.952315
-738445.814868
-1403956.986828
-494358.956191
-380061.858595
-582857.871828
-490027.606321
-652720.381212
-292187.960441
-383890.089212
-572725.164815
-322557.182152
-1403857.914813
-499072.751465
-646471.331376
-112910.828155
-127530.866425
-965387.761203
-646748.141350
-784185.137534
-1085713.321219
-434539.706425
-343636.230496
-162868.289948
-921560.989820
-1476433.727356
-998036.488847
-1572539.577352
-208915.463061
-382603.463946
-2518955.525212
-163091.395366
-519103.161582
-1111189.101147
-618397.421782
-676088.928518
-364091.705073
-789744.164220
-298892.692964
-861909.062128
-834363.256409
-485965.293871
-187039.370804
-295056.200161
-269103.706601
-369149.197608
-1104253.466509
-622302.144402
-949985.350336
-1689963.684733
-557924.941476
-238567.501265
-239776.492248
-808930.558116
-1016681.617279
-256906.156221
-511598.124749
-873396.937075
-228428.831998
-397798.774781
-771746.386074
-190698.651319
-800277.952944
-446903.558633
-1524489.983371
-353006.596318
-524169.516796
-431041.955270
-176432.322224
-273778.943053
-497651.689382
-120143.362075
-867432.489030
-527412.397925
-1253390.290744
-411130.373597
-522729.242521
-381873.925557
-643944.874693
-1088090.655160
-389955.236353
-656448.373705
-1321741.494778
-1100900.050054
-498118.373332
-575517.851202
-182074.212963
-635063.868369
-449788.390111
-997877.930587
-915218.784796
-147700.854970
-544168.611625
-530380.618732
-537683.632975
-1652401.827959
-216238.119561
-599220.531364
-1386239.861878
-103314.422370
-nan
-755617.148800
-720996.224736
-663398.514312
-212231.411933
-688294.384707
-436509.052261
-342791.210849
-426269.150338
-351380.253719
-285938.938942
-386542.608672
-386563.418899
-290873.224448
-919350.216136
-592994.971411
-1008503.979096
-492856.774374
-277862.641493
-176888.321067
-326131.612019
-113052.060795
-360026.263634
-706385.808160
-520607.574917
-950865.537756
-192660.188568
-201502.025155
-169130.316052
-363965.370630
-180929.694420
-158860.156404
-376401.599310
-624727.980147
-700530.177396
-395586.514289
-490895.455813
-390495.526053
-849312.050462
-754944.993591
-679799.819208
-1286674.999352
-671311.069999
-657450.216392
-716237.925018
-638048.854625
-489332.839074
-324599.691228
-372444.647387
-171787.028868
-70524.693440
-475926.318932
-878113.199095
-507850.683279
-489667.593120
-1004138.179269
-915290.213798
-192298.953865
-1079121.606831
-290532.951010
-1416668.119517
-562634.257639
-871987.805084
-350360.623911
-910832.144873
-179050.961937
-963055.290191
-758573.482897
-1091104.389187
-226407.360041
-458970.661916
-261192.103860
-451557.112098
-415018.811751
-545904.986825
-803599.991388
-942439.941498
-568723.551475
-307231.853201
-648497.882923
-1235306.619360
-288738.069933
-427620.513603
-133190.045052
-101275.634356
-331930.704507
-230825.931641
-1566878.972489
-514911.022794
-289019.386937
-384615.877118
-657261.275344
-346973.181133
-304647.909936
-393343.363139
-794909.602483
-526756.544972
-921701.394652
-66622.924134
-347002.679402
-450610.429669
-444004.774725
-313993.418852
-838594.484630
-1981417.943620
-1208211.112506
-1205145.950341
-305741.300603
-494723.359833
-1691452.743997
-1494338.204294
-604690.512483
-577692.980837
-108281.824614
-162820.241728
-393657.902712
-1201633.091104
-599717.331173
-646265.176005
-1667582.570190
-304840.837488
-746432.835124
-509977.378140
-312892.435555
-312614.714131
-411189.017388
-515941.042312
-591459.412901
-256793.176980
-1029438.940705
-315116.412005
-632298.981526
-169209.303382
-342909.839110
-1144576.498882
-962281.253318
-210983.248888
-412088.996281
-996020.484362
-3011822.878432
-386850.145986
-540942.133584
-374655.748631
-1827743.497094
-299489.576566
-151970.046983
-211586.480282
-1921527.797143
-262386.704991
-1204155.770447
-178051.789829
-152538.907335
-373513.182015
-1454201.439631
-415026.945182
-526468.560096
-385634.132896
-553401.991531
-637537.689419
-522201.899060
-92994.064483
-236398.936435
-774151.232968
-1056104.552203
-183892.921378
-202206.956550
-385748.710308
-328456.727146
-789632.605666
-160435.078400
-332042.129652
-129107.831177
-270033.101623
-1236458.685113
-1508660.904229
-157366.911815
-881778.024370
-368207.519635
-242460.565243
-246021.812397
-423199.879862
-1613332.316695
-435824.759869
-1410018.309865
-353090.402062
-58876.546331
-405485.989390
-188590.656202
-557789.122817
-399264.497628
-366017.619435
-506044.049385
-251105.492115
-123124.705353
-450587.800279
-830713.980923
-499935.272366
-369204.560985
-682683.683764
-144999.382439
-544229.052110
-1196453.171552
-1549169.531496
-401986.923999
-566759.135602
-99950.414102
-741696.714887
-1288958.769470
-688437.800543
-903797.520010
-356269.947040
-286262.223258
-378414.097190
-122899.830675
-253948.504275
-471253.042217
-274558.236512
-138224.208422
-555565.874139
-1455541.775710
-240008.327258
-539385.523182
-445818.942141
-1224001.868164
-442181.117285
-311307.649285
-1454320.419074
-611438.276705
-120761.611865
-774841.605148
-1276177.394318
-261597.994698
-296183.892933
-798555.773179
-400275.874673
-504732.914671
-241014.201905
-203324.490801
-150912.189428
-151947.425943
-520302.260055
-461191.604756
-216129.493635
-452264.099875
-1975817.856917
-1789456.071475
-1143921.002400
-596574.567560
-714407.276954
-212850.960805
-846717.977263
-453909.307748
-937949.400127
-474396.499601
-252303.241838
-1051121.218284
-1923551.540414
-1841981.550818
-573774.122495
-3289734.614463
-210665.279981
-650450.288682
-405232.695499
-607456.367789
-335182.048325
-429466.046921
-1048896.148517
-362461.882299
-1174332.298382
-293420.937419
-493311.593558
-822930.046397
-459236.816852
-93921.555929
-591534.729946
-375672.393345
-192947.731249
-262492.072600
-551269.174869
-1564767.164220
-758273.729903
-3277623.664509
-382231.634149
-775799.660958
-328467.762409
-680065.959785
-1440345.891502
-44638.860059
-889238.797956
-406283.684243
-854288.422508
-112683.123919
-489871.010554
-782881.023705
-266649.567753
-440511.348997
-263407.213681
-247986.511567
-1502182.115085
-258043.769336
-442419.854805
-1387811.439868
-448250.941833
-538669.453833
-131699.942793
-293216.272762
-3318989.517422
-221486.794890
-702984.066158
-362952.506486
-827117.936428
-316686.038245
-372825.718956
-547171.930861
-418284.956649
-571019.693674
-245232.997892
-444793.318963
-69363.862076
-412167.147579
-826776.392572
-273383.510974
-72830.965684
-686902.434709
-nan
-109400.380571
-340191.149424
-786737.811203
-432552.591590
-423151.048810
-346677.971903
-980657.390581
-370071.159311
-276234.652528
-383354.766361
-356564.904582
-399994.030609
-411250.689767
-350462.658330
-312089.690930
-809566.998686
-446599.281988
-345985.079572
-261297.172325
-519717.621777
-381015.896166
-323503.389470
-566048.033204
-156313.384370
-1409690.478410
-324914.073885
-460920.674770
-138623.450225
-441372.106153
-683494.583449
-263183.235166
-134606.836563
-159915.840584
-1680391.862078
-269849.739248
-936493.773442
-537228.716119
-378591.102331
-242461.915703
-369454.200468
-178086.702531
-1131698.485594
-1378790.132651
-445492.342104
-1486543.941521
-409975.531784
-715793.766967
-557553.310870
-572188.439121
-262873.082818
-390757.198124
-544301.631528
-778426.549901
-311485.673450
-224884.872713
-262931.265428
-344381.772313
-404741.574189
-307112.644974
-159796.986880
-358496.289757
-519467.041523
-574463.579494
-742229.717654
-375114.673804
-100454.840559
-251978.094917
-1198385.567695
-457177.120201
-963978.020581
-475443.828773
-672088.038763
-198666.279947
-413574.765647
-1102711.361277
-128290.096488
-394104.402609
-802270.840181
-86156.630304
-287608.377029
-574629.521502
-507973.799233
-253946.065285
-378150.801581
-856331.289346
-97964.372227
-467969.117829
-737797.893979
-91873.714219
-1193081.318311
-1668625.463587
-191228.638125
-278023.450296
-290785.962731
-271954.041294
-325565.537036
-287377.903780
-295923.554559
-369466.250753
-493744.390856
-326682.474534
-166077.454791
-271721.535552
-386636.550148
-990721.460180
-331242.845910
-715589.152720
-590875.398240
-464309.004018
-231248.583699
-1165054.704342
-831680.057998
-263098.296221
-522873.157612
-1630744.339401
-655870.036236
-855803.130598
-362275.477592
-1043350.122980
-1024783.378973
-216188.700135
-229459.594311
-409863.118555
-722199.339709
-770509.627083
-235702.474237
-383021.236801
-268908.153271
-354792.528657
-354612.437743
-376228.293420
-184510.848801
-185203.414798
-1297153.611959
-132778.052372
-1199878.014629
-229444.585015
-403511.996450
-394001.116173
-268980.563675
-563349.045364
-229938.455185
-218688.688421
-884099.631798
-316387.254244
-585509.973345
-627634.214726
-1310170.598222
-349918.964989
-500901.568708
-437666.154388
-283348.090170
-607872.279181
-381750.492747
-663094.951416
-349735.866473
-70763.798689
-591284.647969
-1892494.762984
-501133.403485
-695816.787252
-580596.663648
-660263.216219
-788059.762601
-128607.859374
-434553.751047
-319992.117539
-274562.983276
-237679.823027
-339979.221346
-458260.047467
-625923.936421
-1288703.395714
-249986.522905
-380790.941177
-787763.390392
-417429.041259
-694557.424938
-327750.912633
-491427.894269
-168791.965929
-862764.558614
-210592.019869
-792844.077293
-576762.271365
-1146546.510155
-241900.424189
-565621.727609
-421345.611124
-664368.220862
-1096124.361969
-381877.793212
-1178129.996171
-1100723.112048
-557082.802835
-796243.869636
-117800.483012
-391266.018297
-601470.603591
-1334214.641781
-525118.794682
-742757.555410
-343627.140317
-1030686.750131
-176517.266201
-125472.956464
-101827.275808
-564845.453199
-211319.559760
-181353.920000
-400862.124408
-1311921.538898
-923063.069198
-796645.102223
-762436.591681
-627654.434185
-991138.343995
-392099.254829
-515841.451692
-1254325.206375
-484138.265185
-877985.850791
-259307.065464
-277212.501675
-277546.513360
-1088403.327103
-405625.300814
-831323.228178
-350022.316366
-856189.461218
-1076378.832500
-363520.142409
-602106.102638
-328511.524831
-468769.945234
-1120228.911611
-317947.628880
-294204.619973
-1611378.157449
-2292817.520913
-156593.496975
-488428.333174
-408276.057925
-1472683.382342
-526509.107684
-497309.370882
-535290.695037
-207287.032305
-154681.183464
-566016.706921
-157079.726495
-260436.655932
-486779.330145
-659840.845399
-818641.607875
-322035.819803
-370010.851865
-385819.869126
-639608.826331
-558780.175744
-586408.802353
-380829.772767
-395387.066406
-516960.736852
-672591.255579
-283643.418804
-1273386.118159
-742921.217690
-331697.616281
-157545.218667
-164316.240862
-219831.681530
-205111.904495
-289159.356724
-122314.030693
-697494.845679
-489554.854733
-233402.132548
-483480.963378
-647278.599568
-362670.526819
-164601.203722
-528660.177570
-1062170.242173
-466328.169746
-189179.842177
-515330.496084
-213488.453139
-167458.887804
-1015007.513255
-305299.128663
-146530.743313
-552021.087546
-267404.426230
-205066.593397
-366424.180760
-621187.640236
-574600.161137
-303269.238656
-131083.485116
-445694.159512
-248300.245223
-271832.973237
-88421.189141
-726569.835161
-1496538.040122
-148840.029309
-358661.825181
-537272.386609
-357888.299486
-618129.541974
-83614.813168
-505360.200544
-133041.294773
-157604.546844
-576383.634438
-349197.816750
-267762.828891
-1226420.314300
-275497.954427
-814339.149462
-2206772.986064
-731994.962067
-569869.779925
-964281.119242
-143507.342099
-222752.409177
-93108.015880
-1410791.494205
-408703.578285
-820945.115943
-361261.367498
-404854.437971
-363098.516033
-322659.702486
-346555.516385
-627034.170763
-290216.953930
-279933.932732
-139428.074035
-366075.311421
-809103.701521
-618108.232524
-355307.670016
-420356.331509
-265614.387213
-649399.877329
-520549.914611
-94452.820545
-404469.478321
-141836.931775
-263158.490576
-491223.165344
-115569.153078
-424662.888320
-437588.115627
-560751.833539
-336044.080826
-1959928.415190
-315170.011990
-172172.402808
-250264.544542
-216714.480137
-1000587.575437
-234161.104384
-300992.378825
-699710.568365
-102970.000474
-119975.061023
-377542.082090
-136248.939682
-715828.250472
-125133.754265
-858778.346357
-1627845.286489
-367767.261757
-250345.775241
-106798.041226
-975142.989907
-343390.621688
-246699.038067
-317179.812298
-150078.937321
-318378.597934
-114323.050298
-928407.645703
-148992.046072
-294446.403255
-327702.738673
-310964.425368
-245845.953251
-183915.044863
-348342.195993
-730291.857860
-366830.255092
-102614.231639
-2646611.673035
-466614.138751
-220599.177743
-292201.139937
-140132.873756
-725043.859094
-154797.246634
-445629.037350
-214927.440170
-64672.786043
-255586.420399
-270446.576729
-830524.996817
-1359132.115452
-360643.801846
-392290.103378
-299886.470895
-566975.590256
-225291.258492
-205448.576147
-144621.926355
-132389.879558
-621866.728062
-240281.973627
-84208.417697
-526940.307974
-97588.613905
-495169.846542
-159911.482021
-187335.124682
-99320.579991
-623672.244105
-222915.555882
-488891.899805
-590857.854442
-134170.828771
-147502.599015
-109045.981532
-193587.178265
-306117.859497
-106508.095664
-191421.494888
-99250.937324
-526543.842096
-2637750.378785
-177454.563860
-231613.768464
-144798.751766
-213928.151849
-797826.369819
-189871.207909
-139994.989158
-208735.046137
-746983.878790
-151557.962065
-497947.498401
-442960.706875
-250904.853653
-427792.084995
-792216.389034
-749180.761652
-230440.180825
-1040581.217006
-229179.154347
-123205.527398
-238136.543291
-201825.968980
-231169.114174
-59007.007676
-124959.689842
-444912.086829
-117555.880018
-129478.422338
-327521.947704
-306932.103892
-117063.861461
-124726.078332
-593082.381228
-322698.550670
-363739.196798
-146951.049155
-136295.252380
-415638.486652
-132506.094408
-487506.456021
-138927.485626
-277325.607376
-244386.154221
-179369.491243
-94905.219678
-91098.209755
-390433.462841
-180550.419400
-431016.833389
-648826.105897
-309533.504077
-127560.949697
-72816.388670
-110140.348670
-385571.369958
-774675.517872
-310017.669855
-288497.291607
-547416.040186
-78035.772883
-139685.328052
-209873.919915
-177191.004677
-148979.666285
-420788.363328
-470941.702219
-411228.563245
-557570.405098
-52256.479403
-807566.155278
-112421.617707
-125447.435036
-317788.055388
-151595.395109
-118547.181001
-188495.145427
-502553.848586
-981487.578175
-981943.797135
-284246.966754
-134994.618279
-135670.038378
-462200.186169
-596769.825279
-233045.387790
-556607.173023
-314835.754451
-439947.438775
-395922.756053
-336552.293617
-1217994.663565
-258625.019635
-149689.366362
-193099.452546
-159040.295004
-207090.779127
-398254.952668
-389905.782288
-84693.085590
-209103.612584
-273038.190661
-237247.354069
-526933.740545
-239267.596080
-427154.312417
-250527.301912
-162611.575057
-446650.631937
-451396.479074
-744007.240445
-126495.459516
-326847.539246
-211576.089787
-197729.978452
-359045.795780
-219468.240221
-927052.847414
-160908.878697
-556666.198083
-405237.117244
-189292.160798
-395485.195228
-484118.355708
-857649.678507
-278773.737232
-318104.463406
-774181.540733
-456931.981127
-238194.462637
-403645.019396
-364380.181662
-336428.985250
-200368.847350
-495834.004788
-1861525.416824
-634700.853438
-216295.776040
-344452.842044
-303419.375149
-177726.822743
-393024.134762
-327304.636772
-232418.408615
-239528.216810
-191234.568602
-444505.649022
-287506.013864
-97816.583472
-153052.984103
-406004.468038
-278798.275986
-141328.298285
-822352.398459
-1004595.533963
-1228879.426780
-650732.113947
-433257.322140
-330120.390390
-1420592.796333
-436854.944353
-341565.889892
-1851383.025103
-513777.312698
-182199.062089
-373681.479036
-355816.210015
-324937.035349
-467977.571484
-508387.939445
-411575.628412
-962405.494619
-486284.624162
-612023.728540
-199316.845834
-262800.550310
-1428888.323587
-237576.073315
-1159900.931998
-764183.431570
-153349.500087
-124451.614277
-1679547.262680
-385004.054503
-1550863.153728
-370530.321865
-571811.796606
-1658195.489799
-685065.999360
-460681.750264
-152249.972406
-155558.235358
-586164.228930
-328585.985662
-788390.551212
-371269.985965
-445988.410551
-557131.741704
-82479.209838
-789645.346343
-247085.759639
-885097.334750
-719924.831322
-864826.322571
-746143.285213
-595452.413822
-371865.015904
-2026077.937845
-175512.290373
-1553619.346383
-350189.538396
-167323.083427
-657714.481378
-781514.787272
-348630.444722
-979091.372343
-494536.580595
-864911.304327
-289504.483130
-118358.948013
-548656.660630
-1201825.143997
-540200.478535
-441705.369472
-387113.871066
-404978.189549
-627114.056889
-229152.326327
-64376.781324
-588576.954851
-666828.559601
-361020.309963
-443889.559785
-2121777.751229
-226929.304783
-692977.906390
-128941.368580
-168433.822694
-725268.446595
-1826344.952473
-528175.729576
-489694.023090
-133966.063243
-711041.081065
-334227.900948
-778350.297976
-533872.580566
-370732.173791
-760579.122507
-1308012.111082
-534828.017626
-639754.870102
-2803961.497079
-450697.660489
-293520.588061
-958848.961641
-1380215.937522
-621348.066115
-285910.272947
-1103319.566894
-893430.156415
-296736.361289
-1145111.925261
-443538.579442
-1002950.653997
-935433.272947
-1445558.741236
-216751.821797
-900305.483254
-637329.882988
-2502282.727809
-1794733.940875
-328198.574906
-723532.833863
-477625.033373
-802297.796986
-193760.495581
-402197.412222
-533356.402537
-619406.793851
-151194.989460
-1368542.515757
-666874.323589
-351035.952923
-424763.426281
-779762.959326
-811384.528199
-85360.117852
-458362.339294
-1179679.092006
-675546.490738
-931585.700873
-65340.187916
-863177.064894
-257640.734561
-811432.885720
-319719.058444
-532012.507560
-805322.854042
-145066.083688
-581854.475801
-1688174.526819
-1038323.460331
-998192.185567
-606585.615920
-856266.153460
-341716.896517
-133202.209473
-940097.681146
-707340.147460
-441183.640664
-631221.308566
-280980.339318
-538314.817248
-534838.424378
-333557.526470
-579951.363335
-132153.136505
-434999.889347
-419210.600231
-993921.119871
-381138.523697
-748926.169457
-792309.975297
-109645.380591
-367624.940287
-277220.876306
-318737.291628
-360536.229913
-1466376.361602
-817726.908767
-1352038.309117
-1552539.014792
-263017.514172
-378003.868572
-351923.650550
-616352.510540
-707286.744168
-448941.287853
-233483.575357
-400693.325733
-704460.279404
-91326.582677
-177282.951734
-813037.858741
-542142.581758
-82489.152414
-261492.692478
-730471.203965
-938216.146475
-1949031.726875
-1090710.581390
-388722.797451
-363901.713978
-678525.517079
-2522405.397460
-262232.840791
-450141.691114
-459821.879923
-1449893.054107
-295443.660086
-221354.449034
-622950.691596
-250065.466227
-1353888.657953
-407084.933747
-816753.245415
-347400.483022
-641071.142570
-1492733.348976
-339591.696579
-157265.216884
-167197.923256
-361217.657008
-200034.160961
-475347.287333
-203985.164357
-337537.695556
-150412.815512
-167563.856265
-268795.591829
-469661.000257
-376433.178566
-84649.260386
-1387291.570740
-941275.509551
-275651.463293
-411237.959493
-316982.139309
-602471.635864
-483929.290208
-333944.171605
-767182.828473
-205345.119677
-118725.045750
-387033.542376
-1260675.485556
-234221.823940
-804082.119203
-346435.119098
-96789.190963
-717029.281180
-440285.613902
-576239.361106
-95456.009306
-2008109.537617
-333014.066827
-301462.622568
-657982.656259
-2600954.000878
-377883.347209
-899981.573689
-257306.623992
-468526.919857
-1801976.809227
-2176438.084995
-944758.774437
-237937.040722
-180382.428509
-437896.112187
-682875.148486
-481366.430447
-555935.670034
-992398.223344
-397678.225285
-346197.527384
-543444.985149
-429390.605634
-682841.645902
-1977167.937713
-201311.977464
-211341.419629
-550225.798207
-417226.858039
-574932.047632
-870154.252160
-320147.674992
-530349.359130
-484670.011246
-503861.978538
-322867.196542
-161557.675040
-414556.330371
-2016351.992880
-1370674.932790
-405693.508387
-211634.476128
-172013.142341
-1087759.294647
-819635.111515
-1489543.673632
-847510.633451
-172325.405029
-944307.083884
-373940.699526
-272577.362906
-342962.516793
-702149.755867
-849930.833941
-445815.613339
-1794229.290736
-408569.976066
-639136.405864
-1430357.526668
-497018.407250
-131928.190375
-779486.613978
-371811.988250
-2758824.285928
-842522.950988
-146687.643316
-293036.725033
-433613.385159
-427125.014000
-335922.579270
-353433.406726
-285745.356757
-827181.830791
-929627.156659
-306741.903291
-3541874.246729
-206857.659411
-382199.542582
-707119.951079
-593069.947519
-1101406.195813
-288801.415689
-1255045.115111
-267860.621467
-419143.522669
-568410.902565
-1035860.671253
-180444.843806
-243918.553115
-790815.953480
-401416.027518
-1185477.745881
-152561.696990
-607498.210191
-1431791.290033
-1107662.114543
-410352.822462
-601382.226183
-523505.868448
-195991.952498
-496625.437828
-1724145.609133
-64265.569146
-296751.303269
-279284.062169
-333923.063945
-860493.273050
-278575.426160
-818815.608146
-749443.992042
-321479.936374
-485421.915426
-988709.734416
-466639.112637
-1737197.131093
-2141154.553701
-319616.859192
-438120.842990
-281445.294413
-461088.729153
-948979.524840
-697289.842213
-130917.318256
-1445541.892881
-339531.143102
-296198.139530
-345101.086951
-144110.275614
-683546.315652
-680254.192407
-405542.259294
-397210.138837
-194390.222112
-372663.165059
-572281.661689
-237362.805263
-234785.372354
-1345281.960803
-425414.305867
-773857.387479
-234695.208614
-438847.281783
-748902.532138
-501235.382256
-404514.127169
-59965.086789
-805782.555939
-540571.810014
-592833.745380
-2427271.444946
-382147.380586
-498872.493727
-1286345.167622
-360698.355287
-606442.075441
-243513.957218
-188618.588715
-199114.669065
-377365.695550
-490426.714066
-803866.344508
-103401.841715
-604238.111416
-104998.769529
-841010.118444
-162735.558994
-1031709.171808
-801463.559423
-769317.130425
-502922.871141
-839600.868940
-944800.123638
-407812.613992
-283614.771350
-712022.717217
-1087801.810213
-1608968.939694
-473792.403917
-373577.705811
-358275.581989
-315449.558115
-338860.613865
-474371.824596
-295274.884348
-929197.434436
-1456712.239831
-783009.387315
-361128.487522
-917374.205523
-341716.268453
-216150.893813
-653279.621147
-592405.315875
-1123927.028633
-1282750.224066
-1269720.272136
-332321.432134
-366569.583547
-326384.309364
-334817.275820
-990613.386422
-324413.883506
-85145.668327
-513644.551954
-2184715.591718
-1062354.898921
-575007.043948
-83851.753256
-313280.916186
-687108.188647
-138380.596491
-109084.960038
-1768269.777204
-608512.563996
-65094.218277
-174661.970781
-138632.888693
-591813.380546
-259675.573147
-882616.448856
-882293.818829
-675269.736720
-1557245.764331
-1410212.317724
-429920.382946
-1935773.060510
-694989.913521
-1511854.447938
-325044.366047
-360360.870965
-938095.413496
-309816.947141
-136235.165124
-213509.203265
-372084.941537
-1827500.759350
-619934.475244
-402767.804679
-873597.577057
-134579.866216
-112290.571669
-188011.912551
-980125.843626
-594322.383341
-60963.555434
-1136274.014552
-343599.069131
-1370035.464553
-396714.951527
-386367.556744
-162433.469217
-952206.481896
-173056.259807
-156750.904220
-140841.701928
-995988.994717
-927231.831061
-652277.499738
-384739.157112
-780418.393782
-718430.503036
-2427381.810084
-496531.570050
-217358.956771
-179721.945607
-866848.296330
-362226.060760
-482407.823390
-556853.136259
-1100374.817552
-1643891.682524
-540563.283595
-1449013.041257
-736271.897340
-1054213.976804
-436074.081959
-405513.377017
-743802.016797
-518165.532569
-568352.780925
-842183.422172
-182189.393996
-415002.557221
-161244.128796
-279818.172577
-418279.341258
-141898.032921
-157687.984639
-283541.073350
-816669.791528
-370772.524885
-1352564.275454
-1039541.101823
-478331.752910
-1509931.945474
-187339.708315
-656495.208969
-391417.550380
-1068459.066335
-1524232.001036
-629033.890132
-504942.839719
-455101.995666
-443466.100426
-193862.266538
-1164414.944671
-818587.858280
-561693.622945
-729422.319795
-359827.899256
-565417.986652
-677895.378296
-985834.010802
-484396.755256
-927754.593861
-615608.178932
-260276.391058
-1292286.958657
-678903.862591
-456733.001781
-161126.905603
-228935.127955
-296643.882921
-580760.854180
-737503.935428
-642475.011932
-381840.478625
-322709.659580
-1935481.207828
-523924.288127
-486663.921425
-157990.173920
-405980.971778
-956248.945421
-722674.394295
-255230.065656
-513992.254720
-301962.483520
-639754.149478
-293386.939852
-482073.604454
-1384883.399751
-1135518.796080
-1457524.245925
-530266.010838
-75309.388273
-556052.483361
-2140942.661304
-351577.313629
-667649.423348
-69431.027039
-507631.800717
-494640.186418
-2028886.198379
-1137056.478465
-296460.494797
-404238.744204
-322430.480635
-1410548.299616
-407291.485476
-1035540.711081
-300743.374311
-338962.980742
-1037319.631726
-651116.691522
-459897.617153
-980398.044139
-805013.630370
-1075532.363629
-1318641.688427
-140522.063566
-1022578.831781
-391891.240745
-932268.150922
-303477.528964
-508260.353402
-137439.307441
-456204.289194
-508231.501673
-775568.350177
-196926.652616
-971411.597875
-1513237.259625
-984620.035243
-816268.959394
-347878.034576
-1564963.307001
-736166.757896
-515664.168530
-1378913.540728
-326318.813622
-501485.774643
-1401180.163962
-354671.732982
-474940.105080
-313176.871123
-198226.820765
-475908.882882
-322162.621746
-269171.989157
-74220.320828
-911768.878785
-1510665.659004
-553121.764505
-271562.195629
-772366.531660
-236660.739470
-1066356.801449
-506076.298725
-536201.619950
-73818.090896
-386403.159557
-905589.815732
-509032.809267
-638704.141414
-515864.585495
-887326.365880
-543331.022696
-576447.211536
-543009.198045
-1245909.554387
-335520.260622
-329292.800878
-1208853.176048
-481787.279000
-641201.299798
-2668049.723006
-654421.078458
-501175.931654
-743977.952096
-625408.832009
-754333.462276
-153601.696523
-305731.989775
-389376.290265
-319763.782983
-279495.180246
-920812.919473
-1152993.234124
-683348.618179
-259490.720430
-485872.733754
-840239.106368
-598054.735603
-831635.112226
-875899.520006
-285801.325531
-994267.033454
-1181619.816882
-499784.552942
-1438498.405279
-162864.568777
-608117.404254
-1059511.382225
-302210.416333
-916357.387654
-1061050.157762
-690981.491908
-328234.325518
-1044875.069914
-553604.211859
-1266672.897118
-837600.157363
-133974.365185
-573510.463536
-358956.014500
-607672.177818
-71750.833984
-315907.017119
-402124.158081
-629937.106308
-3176785.807289
-441550.757341
-304058.050802
-399053.769651
-554085.891509
-1080241.668310
-134834.222868
-168057.448702
-587962.201495
-1220949.430289
-732593.135364
-1041624.016566
-542513.339916
-435623.533133
-303697.829287
-2089561.800143
-1477308.011602
-360375.457879
-514387.048859
-675575.518536
-695754.651568
-526526.984472
-233771.172772
-353755.436411
-1550978.883637
-287050.629558
-1102438.633556
-276844.306564
-963999.592561
-140745.183676
-903918.452403
-314699.027186
-nan
-662118.480596
-441284.739899
-495093.017228
-597992.311496
-1189917.975940
-316698.722979
-633943.789850
-292281.373527
-1157927.512803
-453114.288462
-394899.785453
-272224.678254
-802545.817136
-163417.033937
-187623.323851
-327523.112747
-689004.231957
-212516.228037
-464922.137427
-394211.665819
-814467.904593
-886480.261467
-573685.421047
-264786.445707
-759782.467643
-1142014.990176
-153894.518344
-656566.606463
-110532.579569
-284352.981664
-895794.057993
-242078.118851
-464398.177921
-955453.231469
-531904.674516
-328534.618130
-539188.259316
-685643.904416
-101435.422298
-387630.743050
-364829.151175
-170908.488327
-130155.352251
-297312.376916
-500132.522407
-132104.358312
-821046.364324
-2459443.612850
-999884.156474
-377468.452614
-285947.643428
-223051.770524
-788024.879638
-255009.740868
-1583970.226795
-929277.191725
-641173.939572
-857107.369766
-697044.881063
-285278.893621
-903789.423406
-684751.962343
-479429.983315
-1334525.489024
-382871.535399
-688449.364987
-396477.137118
-280942.686415
-390881.446030
-278315.581839
-807009.561815
-2051701.950736
-931542.427245
-681679.645313
-319545.640234
-235730.473885
-421405.205025
-338074.159868
-429092.113255
-591936.082128
-1028479.721297
-831493.625477
-965688.941148
-504245.403764
-763427.352997
-442341.813724
-461838.239754
-339787.854849
-1292381.655512
-1030027.848946
-1739402.338308
-406252.258768
-424016.201687
-247772.526679
-598164.641836
-538431.448764
-152024.867444
-1432985.247483
-621368.101002
-685759.137229
-403223.848764
-484526.524394
-1595596.106021
-508234.130790
-377948.937846
-262483.354676
-731952.291258
-315393.112960
-1651037.135636
-401460.458349
-916919.802366
-256074.228846
-377765.454994
-281837.626273
-403893.068393
-473228.217194
-549374.351966
-379013.184258
-387500.210152
-281349.694230
-274892.245208
-2172685.120137
-278777.514791
-729750.118772
-1189412.576370
-401588.616445
