-1358060.202118
-186586.971569
-181304.735108
-450029.473346
-1183663.385928
-1371574.981224
-391025.190522
-551060.043602
-476464.762729
-723261.652671
-1024770.692119
-329739.885731
-1357172.286032
-587335.165452
-1342388.915819
-475186.781218
-420893.601944
-601009.522044
-136545.292977
-108193.992515
-293999.771246
-314342.145222
-408487.538828
-497485.925802
-787111.839363
-388619.586246
-835716.705289
-366631.336476
-436855.712368
-207599.925979
-164597.013067
-327296.849533
-527379.301622
-583386.801512
-314576.060141
-262354.994160
-1291769.567693
-756416.949556
-643342.290942
-388309.937874
-710686.123942
-1036826.894485
-375375.693090
-544200.808660
-159848.097935
-267446.773066
-269639.033766
-259303.618541
-1023129.896204
-146778.234112
-392007.099136
-397996.846677
-358603.439011
-251133.867764
-216458.957679
-419460.161362
-123710.857052
-357026.105572
-416493.227876
-703809.295317
-610570.227154
-1351029.623945
-386173.535576
-2739137.077840
-105055.922295
-1334781.416775
-421373.110034
-754540.918855
-1044323.675001
-124798.339657
-389631.265143
-294427.113971
-852450.680198
-1317039.818276
-779538.212246
-208784.058773
-391645.292490
-882808.921868
-308563.214913
-349747.993429
-184414.196057
-460067.555069
-797520.590120
-533454.342589
-401076.102249
-1681398.872924
-306319.571629
-103010.259705
-895840.718821
-467436.453491
-393964.470576
-650616.197694
-658611.623707
-373643.304657
-428641.851193
-791172.833437
-151753.259046
-170443.769547
-507724.615117
-801789.174550
-1106405.812896
-342787.136505
-736608.807011
-322468.451878
-974212.329105
-1219278.044077
-152188.411589
-1082671.432895
-765355.662944
-469714.214532
-450899.748738
-1052869.689673
-856320.635985
-486740.024346
-888065.643626
-702503.281649
-294402.626448
-236527.159128
-686530.066920
-1136216.710539
-2289778.277568
-155613.322349
-374275.947868
-738445.817248
-1403956.989383
-494358.957127
-380061.852273
-582857.872061
-490027.605022
-652720.375546
-292187.957846
-383890.092626
-572725.161369
-322557.178193
-1403857.909826
-499072.750123
-646471.327559
-112910.826266
-127530.866286
-965387.746683
-646748.135380
-784185.125378
-1085713.321358
-434539.703348
-343636.226456
-162868.287859
-921560.985087
-1476433.710954
-998036.484902
-1572539.564404
-208915.460032
-382603.457657
-2518955.506547
-163091.394655
-519103.162639
-1111189.088573
-618397.419493
-676088.925334
-364091.697169
-789744.145142
-298892.693434
-861909.054728
-834363.248068
-485965.292279
-187039.369860
-295056.195254
-269103.704937
-369149.190071
-1104253.456777
-622302.142748
-949985.352666
-1689963.688110
-557924.935843
-238567.500238
-239776.489204
-808930.555330
-1016681.607059
-256906.155409
-511598.122690
-873396.941536
-228428.826972
-397798.776386
-771746.381710
-190698.653619
-800277.951926
-446903.552296
-1524489.981095
-353006.591621
-524169.515693
-431041.954846
-176432.323205
-273778.939774
-497651.686477
-120143.360704
-867432.481045
-527412.386578
-1253390.279560
-411130.369032
-522729.241544
-381873.921555
-643944.878120
-1088090.646855
-389955.234581
-656448.376651
-1321741.502018
-1100900.049806
-498118.371615
-575517.845061
-182074.211037
-635063.861200
-449788.388090
-997877.924114
-915218.781762
-147700.851230
-544168.613089
-530380.613473
-537683.633764
-1652401.845013
-216238.116467
-599220.527414
-1386239.831849
-103314.422508
-nan
-755617.142560
-720996.223695
-663398.518933
-212231.409918
-688294.385802
-436509.046559
-342791.209313
-426269.152837
-351380.253610
-285938.937552
-386542.605184
-386563.421391
-290873.223023
-919350.213133
-592994.962724
-1008503.976987
-492856.765257
-277862.638386
-176888.318948
-326131.610010
-113052.060527
-360026.260041
-706385.807730
-520607.575258
-950865.541377
-192660.186829
-201502.022911
-169130.314383
-363965.365332
-180929.693201
-158860.155167
-376401.596132
-624727.974360
-700530.176091
-395586.509347
-490895.452317
-390495.521655
-849312.045138
-754944.990950
-679799.815524
-1286674.976854
-671311.071915
-657450.214659
-716237.924217
-638048.846242
-489332.835219
-324599.691969
-372444.643698
-171787.026720
-70524.691423
-475926.314508
-878113.206140
-507850.682527
-489667.593132
-1004138.178118
-915290.213539
-192298.952741
-1079121.613726
-290532.949501
-1416668.114345
-562634.259619
-871987.796106
-350360.624164
-910832.141141
-179050.960134
-963055.274727
-758573.479573
-1091104.362051
-226407.359979
-458970.660918
-261192.099454
-451557.106431
-415018.805826
-545904.986797
-803599.991887
-942439.945853
-568723.551882
-307231.848208
-648497.878836
-1235306.598995
-288738.065861
-427620.510761
-133190.042734
-101275.632944
-331930.702879
-230825.932119
-1566878.966381
-514911.021392
-289019.381257
-384615.874193
-657261.272518
-346973.179852
-304647.909655
-393343.362822
-794909.602663
-526756.538638
-921701.398215
-66622.922983
-347002.678282
-450610.425709
-444004.772508
-313993.416227
-838594.475823
-1981417.923622
-1208211.096550
-1205145.941079
-305741.298034
-494723.357794
-1691452.743082
-1494338.192025
-604690.506468
-577692.980368
-108281.824014
-162820.242661
-393657.898517
-1201633.078713
-599717.325142
-646265.173797
-1667582.560258
-304840.835488
-746432.842368
-509977.375786
-312892.433651
-312614.709517
-411189.012666
-515941.038333
-591459.416882
-256793.175832
-1029438.936165
-315116.414813
-632298.980654
-169209.303756
-342909.837183
-1144576.491743
-962281.230118
-210983.245900
-412088.994186
-996020.482236
-3011822.886531
-386850.140952
-540942.133035
-374655.747012
-1827743.476185
-299489.575125
-151970.045866
-211586.479138
-1921527.801741
-262386.700324
-1204155.755291
-178051.787651
-152538.905342
-373513.175889
-1454201.432217
-415026.939531
-526468.552907
-385634.130646
-553401.988075
-637537.683736
-522201.898296
-92994.063672
-236398.936095
-774151.234097
-1056104.547890
-183892.920068
-202206.955060
-385748.712449
-328456.724212
-789632.597604
-160435.076480
-332042.128388
-129107.827917
-270033.100866
-1236458.679043
-1508660.895838
-157366.911237
-881778.012369
-368207.514656
-242460.563463
-246021.808903
-423199.884662
-1613332.316197
-435824.760420
-1410018.316828
-353090.399751
-58876.546166
-405485.984356
-188590.652497
-557789.128476
-399264.497292
-366017.615799
-506044.047950
-251105.490315
-123124.705197
-450587.799688
-830713.968852
-499935.266317
-369204.558744
-682683.681647
-144999.383438
-544229.047731
-1196453.174486
-1549169.509599
-401986.925733
-566759.137349
-99950.413056
-741696.703782
-1288958.766085
-688437.799946
-903797.526100
-356269.942194
-286262.222128
-378414.096122
-122899.829818
-253948.503825
-471253.041941
-274558.231924
-138224.207717
-555565.866927
-1455541.766034
-240008.325199
-539385.520581
-445818.936448
-1224001.860416
-442181.114142
-311307.648630
-1454320.412388
-611438.277253
-120761.610661
-774841.598573
-1276177.396990
-261597.993020
-296183.893048
-798555.762729
-400275.868614
-504732.912110
-241014.200812
-203324.487555
-150912.187891
-151947.423482
-520302.258485
-461191.597385
-216129.491117
-452264.095203
-1975817.848366
-1789456.048285
-1143921.005952
-596574.556993
-714407.272079
-212850.959213
-846717.977442
-453909.302109
-937949.415786
-474396.496138
-252303.237054
-1051121.203126
-1923551.544284
-1841981.554174
-573774.115067
-3289734.594561
-210665.281061
-650450.293495
-405232.696067
-607456.361196
-335182.048093
-429466.042387
-1048896.140754
-362461.879582
-1174332.294266
-293420.936043
-493311.586029
-822930.041404
-459236.817446
-93921.554689
-591534.729103
-375672.393316
-192947.730234
-262492.069911
-551269.167401
-1564767.164497
-758273.732354
-3277623.625125
-382231.631008
-775799.661825
-328467.762198
-680065.957920
-1440345.882345
-44638.859512
-889238.790730
-406283.681400
-854288.412393
-112683.118192
-489871.008776
-782881.021553
-266649.567780
-440511.343640
-263407.211820
-247986.509301
-1502182.128325
-258043.768742
-442419.848147
-1387811.429464
-448250.941625
-538669.460749
-131699.941516
-293216.269448
-3318989.500700
-221486.795082
-702984.072552
-362952.504817
-827117.944610
-316686.029644
-372825.718717
-547171.927605
-418284.957760
-571019.687673
-245232.997546
-444793.316118
-69363.861999
-412167.144823
-826776.390021
-273383.511159
-72830.964726
-686902.436029
-nan
-109400.378462
-340191.147250
-786737.810535
-432552.593476
-423151.047072
-346677.968681
-980657.392143
-370071.156160
-276234.655280
-383354.769034
-356564.897208
-399994.033582
-411250.693721
-350462.654623
-312089.688489
-809566.989312
-446599.278933
-345985.078354
-261297.170268
-519717.621427
-381015.896118
-323503.387696
-566048.022440
-156313.382493
-1409690.461440
-324914.073328
-460920.673341
-138623.448186
-441372.102339
-683494.563526
-263183.231403
-134606.835099
-159915.840011
-1680391.868879
-269849.735608
-936493.776390
-537228.719110
-378591.099957
-242461.913026
-369454.200027
-178086.698972
-1131698.503410
-1378790.134632
-445492.341859
-1486543.928428
-409975.531037
-715793.771328
-557553.310694
-572188.435338
-262873.081628
-390757.191677
-544301.625474
-778426.548078
-311485.670824
-224884.872336
-262931.262899
-344381.769103
-404741.571485
-307112.644544
-159796.986010
-358496.291210
-519467.043668
-574463.576391
-742229.716502
-375114.674099
-100454.839559
-251978.095966
-1198385.549792
-457177.114416
-963978.020247
-475443.832371
-672088.038379
-198666.278105
-413574.762653
-1102711.354775
-128290.095323
-394104.395934
-802270.833404
-86156.628968
-287608.379329
-574629.516204
-507973.795045
-253946.060642
-378150.801363
-856331.294961
-97964.370979
-467969.118594
-737797.890227
-91873.712266
-1193081.310965
-1668625.433877
-191228.637105
-278023.451041
-290785.959662
-271954.038767
-325565.529808
-287377.903881
-295923.555340
-369466.246577
-493744.388756
-326682.473932
-166077.452780
-271721.534124
-386636.548511
-990721.460387
-331242.845938
-715589.149240
-590875.396186
-464309.004067
-231248.577706
-1165054.696949
-831680.056499
-263098.294867
-522873.153973
-1630744.321024
-655870.031900
-855803.127223
-362275.476739
-1043350.114911
-1024783.371748
-216188.699423
-229459.592823
-409863.118953
-722199.335374
-770509.623915
-235702.472243
-383021.235501
-268908.152226
-354792.527163
-354612.439974
-376228.294196
-184510.847521
-185203.413926
-1297153.618083
-132778.051400
-1199878.014139
-229444.585118
-403511.990508
-394001.114933
-268980.562402
-563349.040721
-229938.454019
-218688.686670
-884099.631657
-316387.253172
-585509.972006
-627634.218174
-1310170.587832
-349918.960049
-500901.568426
-437666.151531
-283348.091659
-607872.281655
-381750.492582
-663094.945478
-349735.865035
-70763.798039
-591284.649662
-1892494.760077
-501133.397336
-695816.782967
-580596.653763
-660263.218732
-788059.765465
-128607.858353
-434553.751822
-319992.108403
-274562.979840
-237679.822109
-339979.217897
-458260.043475
-625923.934434
-1288703.390205
-249986.522657
-380790.943012
-787763.384301
-417429.035334
-694557.423854
-327750.910394
-491427.887170
-168791.964938
-862764.553953
-210592.019516
-792844.073787
-576762.268747
-1146546.492594
-241900.426327
-565621.724868
-421345.613290
-664368.217758
-1096124.367236
-381877.791568
-1178129.992346
-1100723.098758
-557082.796221
-796243.871932
-117800.482017
-391266.019102
-601470.608994
-1334214.633022
-525118.793994
-742757.549224
-343627.144680
-1030686.753155
-176517.265432
-125472.956160
-101827.274687
-564845.451298
-211319.560748
-181353.915932
-400862.122915
-1311921.537149
-923063.063379
-796645.095577
-762436.586174
-627654.430748
-991138.351747
-392099.255014
-515841.444176
-1254325.189907
-484138.261031
-877985.848591
-259307.065236
-277212.497197
-277546.511402
-1088403.321757
-405625.300546
-831323.216086
-350022.312065
-856189.454055
-1076378.823130
-363520.143190
-602106.104274
-328511.521125
-468769.941485
-1120228.914816
-317947.626897
-294204.612375
-1611378.139979
-2292817.512493
-156593.496335
-488428.328022
-408276.055918
-1472683.370707
-526509.106335
-497309.376856
-535290.690854
-207287.030411
-154681.182791
-566016.703039
-157079.723864
-260436.655199
-486779.333179
-659840.843580
-818641.599500
-322035.817696
-370010.850275
-385819.864594
-639608.827893
-558780.169335
-586408.799797
-380829.776162
-395387.063183
-516960.732927
-672591.247266
-283643.414217
-1273386.099090
-742921.219748
-331697.613378
-157545.216406
-164316.240545
-219831.683408
-205111.901713
-289159.354082
-122314.029333
-697494.848311
-489554.859577
-233402.129100
-483480.966042
-647278.595467
-362670.523497
-164601.203875
-528660.175887
-1062170.238123
-466328.175911
-189179.839843
-515330.493707
-213488.449404
-167458.886173
-1015007.503937
-305299.125488
-146530.741664
-552021.076396
-267404.424169
-205066.591746
-366424.175066
-621187.644070
-574600.158646
-303269.236856
-131083.483709
-445694.157014
-248300.244832
-271832.971778
-88421.189059
-726569.837538
-1496538.023212
-148840.025819
-358661.824156
-537272.381079
-357888.301392
-618129.534224
-83614.812550
-505360.201777
-133041.293642
-157604.546990
-576383.637305
-349197.813713
-267762.827484
-1226420.307952
-275497.954715
-814339.149918
-2206772.986509
-731994.969358
-569869.770765
-964281.111212
-143507.341203
-222752.406600
-93108.014960
-1410791.499760
-408703.579849
-820945.116213
-361261.361289
-404854.442493
-363098.516058
-322659.701580
-346555.515263
-627034.171407
-290216.957048
-279933.932262
-139428.070902
-366075.309411
-809103.697719
-618108.234659
-355307.673094
-420356.327008
-265614.384050
-649399.870144
-520549.909841
-94452.819771
-404469.479285
-141836.930345
-263158.485777
-491223.159136
-115569.153030
-424662.879630
-437588.108827
-560751.835718
-336044.075172
-1959928.417143
-315170.010015
-172172.401483
-250264.541069
-216714.479770
-1000587.564248
-234161.102021
-300992.377262
-699710.562336
-102969.998772
-119975.061527
-377542.078733
-136248.936838
-715828.249417
-125133.753504
-858778.350655
-1627845.294109
-367767.256662
-250345.774130
-106798.039453
-975142.990765
-343390.618157
-246699.036327
-317179.810910
-150078.934878
-318378.599845
-114323.049757
-928407.641194
-148992.044444
-294446.401252
-327702.734632
-310964.427870
-245845.951442
-183915.043160
-348342.195609
-730291.858079
-366830.252796
-102614.232111
-2646611.656868
-466614.135560
-220599.177250
-292201.137396
-140132.872553
-725043.851250
-154797.245824
-445629.032169
-214927.436686
-64672.784501
-255586.417043
-270446.573054
-830524.993751
-1359132.125290
-360643.802823
-392290.103283
-299886.467618
-566975.583709
-225291.256907
-205448.575741
-144621.925775
-132389.879252
-621866.726841
-240281.970335
-84208.416302
-526940.310321
-97588.613736
-495169.848811
-159911.479711
-187335.124241
-99320.579343
-623672.235537
-222915.554986
-488891.894763
-590857.847924
-134170.827159
-147502.597754
-109045.979460
-193587.175546
-306117.857263
-106508.093610
-191421.492697
-99250.937039
-526543.841852
-2637750.385011
-177454.560219
-231613.769231
-144798.750766
-213928.148948
-797826.367578
-189871.207799
-139994.987567
-208735.043667
-746983.872793
-151557.959661
-497947.498550
-442960.703819
-250904.851678
-427792.082723
-792216.377523
-749180.758549
-230440.177325
-1040581.216492
-229179.154004
-123205.526260
-238136.542887
-201825.966297
-231169.109083
-59007.006669
-124959.690547
-444912.085779
-117555.879580
-129478.419853
-327521.942286
-306932.107236
-117063.861320
-124726.076675
-593082.374030
-322698.550758
-363739.192775
-146951.049799
-136295.251639
-415638.484446
-132506.094337
-487506.450473
-138927.482721
-277325.605508
-244386.152209
-179369.491332
-94905.217686
-91098.207649
-390433.460139
-180550.417948
-431016.831037
-648826.094230
-309533.503421
-127560.947355
-72816.389742
-110140.347070
-385571.369337
-774675.511982
-310017.667485
-288497.290817
-547416.039284
-78035.771638
-139685.325666
-209873.916951
-177191.003663
-148979.667370
-420788.357672
-470941.692236
-411228.559807
-557570.404581
-52256.479241
-807566.154935
-112421.616621
-125447.433674
-317788.052270
-151595.393522
-118547.180354
-188495.145708
-502553.847261
-981487.568834
-981943.785677
-284246.967532
-134994.617921
-135670.037377
-462200.184656
-596769.812562
-233045.386439
-556607.170513
-314835.747177
-439947.439808
-395922.756824
-336552.290460
-1217994.660828
-258625.018623
-149689.365600
-193099.451864
-159040.295048
-207090.775913
-398254.947084
-389905.781375
-84693.085209
-209103.612090
-273038.192096
-237247.350246
-526933.738390
-239267.596492
-427154.309099
-250527.299950
-162611.574864
-446650.624509
-451396.472397
-744007.235204
-126495.458815
-326847.538116
-211576.087355
-197729.979888
-359045.792262
-219468.239196
-927052.830735
-160908.878186
-556666.195045
-405237.114868
-189292.158979
-395485.188321
-484118.353580
-857649.683318
-278773.733125
-318104.464329
-774181.542334
-456931.986392
-238194.460036
-403645.017411
-364380.178170
-336428.986250
-200368.845863
-495834.000077
-1861525.416349
-634700.849600
-216295.775910
-344452.841504
-303419.375560
-177726.819767
-393024.131936
-327304.638605
-232418.403761
-239528.213135
-191234.568015
-444505.648443
-287506.012130
-97816.582776
-153052.981195
-406004.461119
-278798.271144
-141328.295176
-822352.400322
-1004595.525234
-1228879.428922
-650732.115685
-433257.317905
-330120.392798
-1420592.788208
-436854.945893
-341565.888603
-1851383.017174
-513777.306188
-182199.061248
-373681.476960
-355816.211854
-324937.031255
-467977.569958
-508387.937573
-411575.628880
-962405.482533
-486284.619911
-612023.724809
-199316.846050
-262800.548048
-1428888.302264
-237576.071204
-1159900.924600
-764183.424933
-153349.498701
-124451.613297
-1679547.256686
-385004.054156
-1550863.160000
-370530.324119
-571811.797390
-1658195.469712
-685065.993299
-460681.747683
-152249.970864
-155558.233883
-586164.221496
-328585.980402
-788390.544699
-371269.985051
-445988.408104
-557131.738519
-82479.209259
-789645.349346
-247085.756070
-885097.331441
-719924.823497
-864826.318218
-746143.289734
-595452.416703
-371865.012683
-2026077.893386
-175512.289556
-1553619.359658
-350189.537382
-167323.082204
-657714.484426
-781514.787918
-348630.444219
-979091.366280
-494536.575837
-864911.311896
-289504.481469
-118358.946664
-548656.653804
-1201825.137845
-540200.472198
-441705.369419
-387113.871065
-404978.188371
-627114.045087
-229152.321373
-64376.780793
-588576.951333
-666828.554099
-361020.306804
-443889.561707
-2121777.758023
-226929.303916
-692977.898952
-128941.366534
-168433.820020
-725268.436072
-1826344.944076
-528175.728268
-489694.019084
-133966.060956
-711041.069452
-334227.898521
-778350.290871
-533872.578871
-370732.169938
-760579.124068
-1308012.112721
-534828.016075
-639754.874239
-2803961.518796
-450697.653503
-293520.585881
-958848.959267
-1380215.945489
-621348.063252
-285910.268040
-1103319.559652
-893430.161063
-296736.356072
-1145111.910022
-443538.578021
-1002950.650134
-935433.278712
-1445558.738301
-216751.820495
-900305.490382
-637329.880713
-2502282.698927
-1794733.937986
-328198.577191
-723532.830225
-477625.032249
-802297.789803
-193760.493110
-402197.406072
-533356.398103
-619406.789758
-151194.986351
-1368542.506747
-666874.316160
-351035.948546
-424763.422241
-779762.956906
-811384.530069
-85360.117878
-458362.335614
-1179679.094071
-675546.483603
-931585.694951
-65340.186780
-863177.053976
-257640.729911
-811432.880367
-319719.056074
-532012.504024
-805322.857401
-145066.082260
-581854.469915
-1688174.524084
-1038323.466220
-998192.192696
-606585.610364
-856266.147057
-341716.888252
-133202.208814
-940097.690957
-707340.149947
-441183.634509
-631221.308427
-280980.336427
-538314.811120
-534838.421063
-333557.523712
-579951.365008
-132153.135395
-434999.890233
-419210.599332
-993921.113598
-381138.521328
-748926.168458
-792309.975373
-109645.378176
-367624.943058
-277220.876708
-318737.293156
-360536.230509
-1466376.369216
-817726.908391
-1352038.324962
-1552539.008944
-263017.515493
-378003.867847
-351923.647952
-616352.505954
-707286.746628
-448941.281563
-233483.574687
-400693.321563
-704460.275437
-91326.582073
-177282.951938
-813037.856692
-542142.574270
-82489.151747
-261492.691249
-730471.197382
-938216.137249
-1949031.714760
-1090710.565114
-388722.791418
-363901.714008
-678525.513189
-2522405.415251
-262232.840366
-450141.687024
-459821.879732
-1449893.059860
-295443.657977
-221354.447219
-622950.687903
-250065.462371
-1353888.652841
-407084.936656
-816753.244135
-347400.481286
-641071.137418
-1492733.323992
-339591.694315
-157265.215379
-167197.921073
-361217.646940
-200034.158029
-475347.284539
-203985.165038
-337537.693814
-150412.813485
-167563.852791
-268795.589604
-469660.996097
-376433.177473
-84649.258984
-1387291.591041
-941275.509474
-275651.462918
-411237.954469
-316982.138716
-602471.636324
-483929.291062
-333944.171668
-767182.823013
-205345.118679
-118725.045369
-387033.542194
-1260675.468125
-234221.822511
-804082.120730
-346435.116385
-96789.190720
-717029.276930
-440285.609792
-576239.355830
-95456.009223
-2008109.511131
-333014.064642
-301462.617046
-657982.653745
-2600953.969823
-377883.343798
-899981.561870
-257306.620435
-468526.914349
-1801976.790775
-2176438.090358
-944758.762909
-237937.039854
-180382.426231
-437896.108878
-682875.146972
-481366.431646
-555935.665989
-992398.223077
-397678.225700
-346197.526054
-543444.984921
-429390.608732
-682841.644406
-1977167.956976
-201311.975960
-211341.418703
-550225.789628
-417226.855728
-574932.043554
-870154.248618
-320147.673852
-530349.361041
-484670.006918
-503861.978905
-322867.192369
-161557.674170
-414556.326623
-2016352.006870
-1370674.896849
-405693.503342
-211634.474874
-172013.140794
-1087759.286853
-819635.099627
-1489543.649875
-847510.626876
-172325.401888
-944307.087916
-373940.698924
-272577.363902
-342962.514844
-702149.753931
-849930.822577
-445815.608273
-1794229.269955
-408569.975577
-639136.400954
-1430357.510654
-497018.402752
-131928.188914
-779486.606272
-371811.983528
-2758824.291721
-842522.947872
-146687.641762
-293036.722050
-433613.384435
-427125.011047
-335922.577940
-353433.402799
-285745.357274
-827181.822151
-929627.149691
-306741.899602
-3541874.184502
-206857.660405
-382199.539483
-707119.946364
-593069.938333
-1101406.177421
-288801.417562
-1255045.101322
-267860.623577
-419143.515977
-568410.891429
-1035860.679083
-180444.842123
-243918.549085
-790815.958335
-401416.030376
-1185477.747084
-152561.695997
-607498.205396
-1431791.277940
-1107662.101555
-410352.819830
-601382.223009
-523505.872702
-195991.950434
-496625.432244
-1724145.611023
-64265.569375
-296751.302926
-279284.063146
-333923.061300
-860493.264673
-278575.423959
-818815.616116
-749443.984095
-321479.934833
-485421.914165
-988709.728589
-466639.113681
-1737197.130173
-2141154.553886
-319616.854413
-438120.842257
-281445.294156
-461088.728179
-948979.520824
-697289.838211
-130917.315715
-1445541.892119
-339531.140220
-296198.133741
-345101.087001
-144110.275270
-683546.308652
-680254.187096
-405542.259808
-397210.136594
-194390.224655
-372663.160499
-572281.657546
-237362.805908
-234785.368843
-1345281.953374
-425414.307304
-773857.387852
-234695.207660
-438847.282078
-748902.541692
-501235.376501
-404514.122838
-59965.085408
-805782.553682
-540571.808041
-592833.739264
-2427271.474586
-382147.380812
-498872.493347
-1286345.154585
-360698.355155
-606442.080083
-243513.958317
-188618.586873
-199114.667080
-377365.694775
-490426.716187
-803866.345542
-103401.841126
-604238.105427
-104998.768180
-841010.121440
-162735.557385
-1031709.164949
-801463.549492
-769317.126011
-502922.865081
-839600.855820
-944800.114599
-407812.611760
-283614.771400
-712022.717468
-1087801.823988
-1608968.943425
-473792.404445
-373577.707226
-358275.583721
-315449.558088
-338860.610588
-474371.822674
-295274.883400
-929197.441034
-1456712.251012
-783009.376685
-361128.484547
-917374.198605
-341716.267193
-216150.888422
-653279.617518
-592405.311340
-1123927.017640
-1282750.224432
-1269720.286280
-332321.431205
-366569.581442
-326384.309842
-334817.273089
-990613.399505
-324413.880758
-85145.666300
-513644.546920
-2184715.577873
-1062354.889035
-575007.040727
-83851.752424
-313280.913560
-687108.182041
-138380.595862
-109084.959827
-1768269.747569
-608512.569102
-65094.215719
-174661.968896
-138632.886876
-591813.383924
-259675.567916
-882616.448800
-882293.816145
-675269.738779
-1557245.730364
-1410212.305147
-429920.380676
-1935773.039577
-694989.908665
-1511854.440064
-325044.364070
-360360.868641
-938095.405627
-309816.946048
-136235.165713
-213509.200485
-372084.942730
-1827500.782871
-619934.471495
-402767.798516
-873597.583029
-134579.866565
-112290.568526
-188011.909523
-980125.840747
-594322.384453
-60963.554931
-1136274.006351
-343599.064948
-1370035.453565
-396714.949132
-386367.550131
-162433.468265
-952206.478921
-173056.260213
-156750.902681
-140841.699761
-995988.988748
-927231.832876
-652277.500113
-384739.153201
-780418.390972
-718430.499442
-2427381.803458
-496531.568972
-217358.954064
-179721.943356
-866848.294335
-362226.059323
-482407.817171
-556853.130742
-1100374.813185
-1643891.671453
-540563.279374
-1449013.058175
-736271.892867
-1054213.975130
-436074.079906
-405513.375604
-743802.007637
-518165.529628
-568352.781367
-842183.422089
-182189.390237
-415002.560965
-161244.125229
-279818.171579
-418279.340906
-141898.030063
-157687.982818
-283541.070401
-816669.789356
-370772.521935
-1352564.269727
-1039541.096196
-478331.754501
-1509931.943715
-187339.706798
-656495.200604
-391417.552529
-1068459.065949
-1524231.992669
-629033.889296
-504942.836619
-455101.994595
-443466.100452
-193862.262152
-1164414.930464
-818587.861283
-561693.613959
-729422.313733
-359827.893811
-565417.988497
-677895.380283
-985834.009287
-484396.745979
-927754.585453
-615608.181062
-260276.389359
-1292286.943586
-678903.865776
-456733.001414
-161126.902817
-228935.125539
-296643.877510
-580760.848082
-737503.927697
-642475.010764
-381840.476505
-322709.660367
-1935481.197602
-523924.287879
-486663.919744
-157990.172346
-405980.966078
-956248.944052
-722674.382489
-255230.062318
-513992.253463
-301962.484463
-639754.148590
-293386.939986
-482073.600150
-1384883.418017
-1135518.822937
-1457524.227139
-530266.008079
-75309.386847
-556052.481635
-2140942.618047
-351577.310558
-667649.422487
-69431.026092
-507631.797562
-494640.183042
-2028886.197078
-1137056.477965
-296460.490725
-404238.744710
-322430.480104
-1410548.297810
-407291.487241
-1035540.710446
-300743.374910
-338962.976709
-1037319.622014
-651116.683112
-459897.615433
-980398.041915
-805013.635992
-1075532.364459
-1318641.685659
-140522.061104
-1022578.816603
-391891.238844
-932268.138325
-303477.526084
-508260.351491
-137439.306268
-456204.287415
-508231.497376
-775568.339217
-196926.648484
-971411.593194
-1513237.254963
-984620.027103
-816268.948161
-347878.029885
-1564963.311933
-736166.759727
-515664.166577
-1378913.520331
-326318.812141
-501485.768671
-1401180.160588
-354671.725802
-474940.103204
-313176.866942
-198226.821838
-475908.884326
-322162.618412
-269171.987442
-74220.320519
-911768.876423
-1510665.648521
-553121.766332
-271562.193887
-772366.526644
-236660.733919
-1066356.793557
-506076.294214
-536201.618975
-73818.088696
-386403.156782
-905589.801388
-509032.801646
-638704.137545
-515864.580466
-887326.368931
-543331.018211
-576447.208892
-543009.190524
-1245909.546568
-335520.260340
-329292.801080
-1208853.171683
-481787.278563
-641201.295628
-2668049.694471
-654421.079229
-501175.933309
-743977.953824
-625408.826265
-754333.456344
-153601.694151
-305731.988386
-389376.286426
-319763.782250
-279495.180325
-920812.910623
-1152993.236339
-683348.622033
-259490.719452
-485872.728623
-840239.100728
-598054.729072
-831635.118464
-875899.514459
-285801.325382
-994267.029685
-1181619.814345
-499784.550081
-1438498.392760
-162864.566082
-608117.401174
-1059511.388880
-302210.414906
-916357.381497
-1061050.149608
-690981.497751
-328234.320187
-1044875.067281
-553604.206877
-1266672.882240
-837600.153632
-133974.365640
-573510.459875
-358956.010502
-607672.176109
-71750.833819
-315907.010629
-402124.156633
-629937.103751
-3176785.765355
-441550.756731
-304058.047896
-399053.765907
-554085.888910
-1080241.674358
-134834.221597
-168057.446446
-587962.201898
-1220949.440892
-732593.134492
-1041624.001677
-542513.329479
-435623.536620
-303697.824583
-2089561.786080
-1477308.005668
-360375.454584
-514387.045633
-675575.516471
-695754.641947
-526526.980599
-233771.172337
-353755.436653
-1550978.893382
-287050.623370
-1102438.624058
-276844.302358
-963999.570807
-140745.180172
-903918.444047
-314699.024286
-nan
-662118.479964
-441284.734192
-495093.017931
-597992.310075
-1189917.971171
-316698.724681
-633943.782494
-292281.371256
-1157927.509379
-453114.291857
-394899.782506
-272224.674220
-802545.814136
-163417.032689
-187623.321759
-327523.107840
-689004.232576
-212516.226154
-464922.133993
-394211.660000
-814467.911529
-886480.254948
-573685.413280
-264786.438766
-759782.456994
-1142014.990905
-153894.517007
-656566.608339
-110532.578659
-284352.975930
-895794.050704
-242078.116892
-464398.182357
-955453.215406
-531904.663653
-328534.613597
-539188.255015
-685643.900606
-101435.420736
-387630.744138
-364829.146482
-170908.485141
-130155.350931
-297312.374411
-500132.521044
-132104.356658
-821046.357739
-2459443.601142
-999884.137162
-377468.448908
-285947.643013
-223051.771046
-788024.881917
-255009.739337
-1583970.223085
-929277.195363
-641173.933973
-857107.368367
-697044.870033
-285278.891313
-903789.422359
-684751.959065
-479429.984046
-1334525.477861
-382871.530266
-688449.357659
-396477.140110
-280942.681765
-390881.438132
-278315.577608
-807009.560626
-2051701.939076
-931542.427119
-681679.636377
-319545.635734
-235730.473263
-421405.196258
-338074.162966
-429092.110892
-591936.081113
-1028479.714946
-831493.628267
-965688.935781
-504245.394024
-763427.344126
-442341.813820
-461838.232165
-339787.851101
-1292381.633341
-1030027.839810
-1739402.350297
-406252.255729
-424016.199078
-247772.523228
-598164.638346
-538431.437163
-152024.863997
-1432985.235690
-621368.095268
-685759.129800
-403223.844262
-484526.512158
-1595596.098818
-508234.125824
-377948.937263
-262483.354251
-731952.286482
-315393.106493
-1651037.124012
-401460.455914
-916919.800263
-256074.228852
-377765.447182
-281837.622220
-403893.068498
-473228.213978
-549374.355662
-379013.183954
-387500.212022
-281349.692947
-274892.241952
-2172685.105742
-278777.516107
-729750.117924
-1189412.569415
-401588.615215
